00000000000001111110000000000000
00000000000110000000000000000000
00000000011001111110100000000000
00000000100111111111100000000000
00000001011111111111010000000000
00000010111111111111010000000000
00000111111111111111010000000000
00000101111110001111101000000000
00001111111001111111101000000000
00000011111110101111101000000000
00000000000000101111101000000000
00000001111000101111101000000000
00000000000000111111101000000000
00000000000000101111101000000000
00000000000001011111010000000000
00000000000010111111110000000000
00000000000111111110100000000000
00000000001111111101000000000000
00000000001011111111000000000000
00000000010111111010000000000000
00000001101111110100000010000000
00000110011111101111111100000000
00011001111111000000000011000000
01100111111111111111111111010000
00011111111111111111111111010000
11111111111111111111111111111000
01111111111111111111111111110000
00000000000000000000000000000000
01111111111111111111111111000000
00000000000000000000000000000000
00000000000000000000000000000000
00000000000000000000000000000000
